68,1
68,0
67,2
67,1
67,0
66,1
57,3
57,2
57,1
57,0
45,3
45,2
45,1
45,0
44,3
44,2
44,1
44,0
42,3
42,2
42,1
42,0
41,3
41,2
41,1
41,0
37,2
37,1
37,0
7,3
6,6
6,5
6,4
6,3
6,2
5,2
5,0
4,2
0,55
0,2
0,6
0,0
0,47
0,46
0,49
0,48
0,45
0,50
0,10
107,5
107,4
107,3
107,2
107,1
105,5
105,4
105,3
105,2
105,0
102,3
96,3
93,3
67,3
66,6
66,5
66,4
66,3
66,2
66,0
37,3
5,3
4,3
3,44
3,43
3,42
3,41
3,40
3,39
3,38
3,37
3,36
3,35
3,34
3,33
3,32
3,31
3,30
3,29
3,28
3,27
3,26
3,25
3,24
3,23
3,22
3,21
3,20
3,19
3,18
3,17
3,16
3,15
3,14
3,13
3,12
3,11
3,10
3,9
3,8
3,7
3,6
3,5
3,4
3,3
3,2
3,0
68,2
68,3
69,1
69,2
70,0
70,1
70,3
71,1
71,2
72,0
72,1
72,3
73,1
73,2
74,0
74,1
74,3
75,0
75,2
76,0
76,1
76,3
77,0
77,2
78,0
78,1
78,3
79,0
79,2
79,3
80,1
80,3
81,0
81,2
81,3
82,1
82,3
83,0
83,2
83,3
84,1
84,2
86,0
86,2
86,3
87,1
87,2
88,0
88,2
88,3
89,1
89,2
90,0
90,2
90,3
93,1
93,2
96,1
96,2
102,1
105,1
106,0
106,2
106,3
106,1
102,2
102,0
96,0
93,0
90,1
89,3
89,0
88,1
87,3
87,0
86,1
84,3
84,0
83,1
82,2
82,0
81,1
80,2
80,0
79,1
78,2
77,3
77,1
76,2
75,3
75,1
74,2
73,3
73,0
72,2
71,3
71,0
70,2
69,3
69,0
2,44
2,43
2,42
2,41
2,40
2,39
2,38
2,37
2,36
2,35
2,34
2,33
2,32
2,31
2,30
2,29
2,28
2,27
2,26
2,25
2,24
2,23
2,22
2,21
2,20
2,19
2,18
2,17
2,16
2,15
2,14
2,13
2,12
2,11
2,10
2,9
2,8
2,7
2,6
2,5
2,4
2,3
2,2
2,0
1,45
1,44
1,43
1,42
1,41
1,40
1,39
1,38
1,37
1,36
1,35
1,34
1,33
1,32
1,31
1,30
1,29
1,28
1,27
1,26
1,25
1,24
1,23
1,22
1,21
1,20
1,19
1,18
1,17
1,16
1,15
1,14
1,13
1,12
1,11
1,10
1,9
1,8
1,7
1,6
1,5
1,4
1,3
1,2
1,0
0,56
0,12
0,11
0,9
0,8
0,5
0,7
0,4
0,3
107,0
